
--- scanner 16 ---
778,567,812
-564,-801,-832
489,-850,372
-294,634,492
-406,-696,599
-498,-770,-842
0,-30,-52
-281,731,-641
841,389,-654
-309,500,484
735,340,-562
-495,590,498
-550,-701,492
-245,678,-781
590,-751,372
-551,-655,492
510,-418,-851
815,571,745
433,-574,-870
409,-474,-805
-424,-822,-726
741,520,725
-229,827,-684
476,-876,341
847,373,-664

--- scanner 17 ---
485,-608,-825
682,-272,597
-69,108,0
-578,467,670
669,-548,-835
585,-750,-828
646,-518,581
512,590,-554
-695,-455,606
-623,863,-371
-601,932,-353
603,890,739
-713,-359,-786
522,879,687
-480,415,621
-449,484,695
742,909,644
-739,-415,754
-765,-397,734
-581,834,-361
727,-439,527
516,508,-603
-686,-390,-640
84,130,-132
-558,-407,-713
560,663,-530

--- scanner 18 ---
-368,-707,-755
-612,-646,745
-366,-699,-543
764,-553,503
-513,701,-505
-583,609,-625
784,-550,488
-549,385,642
-766,389,654
-544,624,-460
420,-717,-784
384,-471,-791
48,-106,-24
909,670,-919
843,822,576
-604,432,721
938,-523,509
807,647,640
-480,-672,772
-499,-730,754
488,-543,-806
-404,-629,-602
801,784,709
840,589,-841
898,549,-982

--- scanner 19 ---
-579,-564,-538
464,-452,-739
-622,-924,801
-734,-491,-490
-602,-916,703
564,-449,-881
825,585,590
852,559,458
-704,514,-442
-522,602,382
-707,-637,-521
-463,532,344
589,708,-960
-675,524,346
-726,688,-510
539,-747,532
491,-723,459
-711,760,-406
583,678,-786
834,501,477
-22,-107,-79
495,-674,377
-644,-906,732
648,-442,-679
568,681,-806

--- scanner 20 ---
39,-9,129
794,-308,667
-731,698,375
-343,-740,-740
914,622,864
799,-357,631
935,-417,682
89,155,-30
659,653,-723
612,-620,-674
-318,-814,-654
-297,-405,528
659,-482,-759
773,688,794
-782,468,-367
950,698,900
741,698,-593
-587,809,411
-730,399,-297
606,-479,-752
-466,-434,609
542,735,-642
-741,845,364
-338,-677,-656
-773,416,-446
-422,-473,437

--- scanner 21 ---
-649,721,598
-797,830,-374
727,628,356
595,602,329
820,-850,-470
669,-704,642
-744,-406,617
-602,-409,717
-373,-348,-647
498,572,-741
880,-650,-436
514,-631,686
-542,-399,533
725,-750,-400
625,640,-769
596,-680,690
-502,-478,-672
-651,856,-478
-726,757,-430
621,611,-729
-490,-299,-681
-823,751,592
614,544,347
79,103,33
-669,724,613

--- scanner 22 ---
-378,838,603
460,-548,-742
449,763,-452
-328,-577,-732
707,286,584
-364,-730,-654
-388,408,-758
-469,710,573
-543,-707,584
-281,326,-722
396,809,-460
-473,-827,676
67,-1,-160
949,-413,645
-504,-872,599
424,-541,-496
938,-350,524
-326,-789,-724
807,267,645
-362,291,-628
880,-491,564
464,664,-446
796,326,698
528,-526,-568
-457,809,454

--- scanner 23 ---
725,755,-476
414,-294,-594
-713,-710,-436
-526,679,-460
449,-322,-418
440,-365,-529
759,458,470
271,-751,909
-712,746,530
744,462,749
-669,-789,-394
-610,-691,632
-502,710,-396
-634,-626,644
-643,702,518
799,726,-345
-637,889,580
718,793,-335
432,-767,821
712,430,597
332,-661,783
-458,-645,548
20,9,-30
-574,810,-459
-729,-742,-410
-141,47,79

--- scanner 24 ---
461,-491,-507
-333,-606,522
-340,-522,320
-528,749,680
817,-547,241
787,-541,415
623,746,759
-716,883,-905
-382,776,711
500,686,-408
797,768,691
-656,-588,-617
-437,868,-901
-606,-513,-474
523,655,-390
-589,836,-933
384,-340,-524
790,-526,395
869,753,795
403,-268,-513
626,650,-510
-455,621,663
-343,-422,462
121,75,-77
-668,-519,-661